0.000000000000000000e+00,7.543737819999999772e+01,7.543737819999999772e+01,7.543737819999999772e+01,7.543737819999999772e+01
1.000000000000000000e+00,1.016051102999999927e+02,1.016051102999999927e+02,1.016051102999999927e+02,1.016051102999999927e+02
2.000000000000000000e+00,1.225333086999999921e+02,1.225333086999999921e+02,1.225333086999999921e+02,1.225333086999999921e+02
3.000000000000000000e+00,1.140147790999999842e+02,1.140147790999999842e+02,1.140147790999999842e+02,1.140147790999999842e+02
4.000000000000000000e+00,8.242556650000000218e+01,8.242556650000000218e+01,8.242556650000000218e+01,8.242556650000000218e+01
5.000000000000000000e+00,1.219626542000000029e+02,1.219626542000000029e+02,1.219626542000000029e+02,1.219626542000000029e+02
6.000000000000000000e+00,1.017704514499999959e+03,1.017704514499999959e+03,1.017704514499999959e+03,1.017704514499999959e+03
7.000000000000000000e+00,5.283832979999999679e+01,5.283832979999999679e+01,5.283832979999999679e+01,5.283832979999999679e+01
8.000000000000000000e+00,8.175163380000000757e+01,8.175163380000000757e+01,8.175163380000000757e+01,8.175163380000000757e+01
9.000000000000000000e+00,1.121989552000000003e+02,1.121989552000000003e+02,1.121989552000000003e+02,1.121989552000000003e+02
1.000000000000000000e+01,1.213129126999999983e+02,1.213129126999999983e+02,1.213129126999999983e+02,1.213129126999999983e+02
1.100000000000000000e+01,1.086430585000000093e+02,1.086430585000000093e+02,1.086430585000000093e+02,1.086430585000000093e+02
1.200000000000000000e+01,1.309062108999999907e+02,1.309062108999999907e+02,1.309062108999999907e+02,1.309062108999999907e+02
1.300000000000000000e+01,2.987944390999999769e+02,2.987944390999999769e+02,2.987944390999999769e+02,2.987944390999999769e+02
1.400000000000000000e+01,2.090950112999999817e+02,2.090950112999999817e+02,2.090950112999999817e+02,2.090950112999999817e+02
1.500000000000000000e+01,1.290843550999999820e+02,1.290843550999999820e+02,1.290843550999999820e+02,1.290843550999999820e+02
1.600000000000000000e+01,1.252301762000000025e+02,1.252301762000000025e+02,1.252301762000000025e+02,1.252301762000000025e+02
1.700000000000000000e+01,1.234813971000000095e+02,1.234813971000000095e+02,1.234813971000000095e+02,1.234813971000000095e+02
1.800000000000000000e+01,9.161558629999998971e+01,9.161558629999998971e+01,9.161558629999998971e+01,9.161558629999998971e+01
1.900000000000000000e+01,9.098347730000001832e+01,9.098347730000001832e+01,9.098347730000001832e+01,9.098347730000001832e+01
2.000000000000000000e+01,5.928527989999999903e+01,5.928527989999999903e+01,5.928527989999999903e+01,5.928527989999999903e+01
2.100000000000000000e+01,5.875116029999999512e+01,5.875116029999999512e+01,5.875116029999999512e+01,5.875116029999999512e+01
2.200000000000000000e+01,5.328148140000000410e+01,5.328148140000000410e+01,5.328148140000000410e+01,5.328148140000000410e+01
2.300000000000000000e+01,5.027090899999999607e+01,5.027090899999999607e+01,5.027090899999999607e+01,5.027090899999999607e+01
2.400000000000000000e+01,8.673971919999999614e+01,8.673971919999999614e+01,8.673971919999999614e+01,8.673971919999999614e+01
2.500000000000000000e+01,5.827974890000000130e+01,5.827974890000000130e+01,5.827974890000000130e+01,5.827974890000000130e+01
2.600000000000000000e+01,6.923234429999999406e+01,6.923234429999999406e+01,6.923234429999999406e+01,6.923234429999999406e+01
2.700000000000000000e+01,1.409714769000000274e+02,1.409714769000000274e+02,1.409714769000000274e+02,1.409714769000000274e+02
2.800000000000000000e+01,1.396578440000000114e+02,1.396578440000000114e+02,1.396578440000000114e+02,1.396578440000000114e+02
2.900000000000000000e+01,1.098889959999999917e+02,1.098889959999999917e+02,1.098889959999999917e+02,1.098889959999999917e+02
3.000000000000000000e+01,1.469966990000000067e+02,1.469966990000000067e+02,1.469966990000000067e+02,1.469966990000000067e+02
3.100000000000000000e+01,1.732886105000000043e+02,1.732886105000000043e+02,1.732886105000000043e+02,1.732886105000000043e+02
3.200000000000000000e+01,1.704099653000000103e+02,1.704099653000000103e+02,1.704099653000000103e+02,1.704099653000000103e+02
3.300000000000000000e+01,1.748253980000000070e+02,1.748253980000000070e+02,1.748253980000000070e+02,1.748253980000000070e+02
3.400000000000000000e+01,1.797685721000000001e+02,1.797685721000000001e+02,1.797685721000000001e+02,1.797685721000000001e+02
3.500000000000000000e+01,1.788165170999999987e+02,1.788165170999999987e+02,1.788165170999999987e+02,1.788165170999999987e+02
3.600000000000000000e+01,1.793826090000000022e+02,1.793826090000000022e+02,1.793826090000000022e+02,1.793826090000000022e+02
3.700000000000000000e+01,1.836244881000000078e+02,1.836244881000000078e+02,1.836244881000000078e+02,1.836244881000000078e+02
3.800000000000000000e+01,1.850378267000000108e+02,1.850378267000000108e+02,1.850378267000000108e+02,1.850378267000000108e+02
3.900000000000000000e+01,1.879419504000000245e+02,1.879419504000000245e+02,1.879419504000000245e+02,1.879419504000000245e+02
4.000000000000000000e+01,1.888357972000000018e+02,1.888357972000000018e+02,1.888357972000000018e+02,1.888357972000000018e+02
4.100000000000000000e+01,1.889388368000000185e+02,1.889388368000000185e+02,1.889388368000000185e+02,1.889388368000000185e+02
4.200000000000000000e+01,1.935514465000000257e+02,1.935514465000000257e+02,1.935514465000000257e+02,1.935514465000000257e+02
4.300000000000000000e+01,2.024883087000000046e+02,2.024883087000000046e+02,2.024883087000000046e+02,2.024883087000000046e+02
4.400000000000000000e+01,2.002278135999999620e+02,2.002278135999999620e+02,2.002278135999999620e+02,2.002278135999999620e+02
4.500000000000000000e+01,2.080708923999999627e+02,2.080708923999999627e+02,2.080708923999999627e+02,2.080708923999999627e+02
4.600000000000000000e+01,2.036792145000000005e+02,2.036792145000000005e+02,2.036792145000000005e+02,2.036792145000000005e+02
4.700000000000000000e+01,2.054036110999999778e+02,2.054036110999999778e+02,2.054036110999999778e+02,2.054036110999999778e+02
4.800000000000000000e+01,2.040394709000000262e+02,2.040394709000000262e+02,2.040394709000000262e+02,2.040394709000000262e+02
4.900000000000000000e+01,2.037341895000000136e+02,2.037341895000000136e+02,2.037341895000000136e+02,2.037341895000000136e+02
5.000000000000000000e+01,2.054352395999999885e+02,2.054352395999999885e+02,2.054352395999999885e+02,2.054352395999999885e+02
5.100000000000000000e+01,2.122055264999999906e+02,2.122055264999999906e+02,2.122055264999999906e+02,2.122055264999999906e+02
5.200000000000000000e+01,2.115914373999999896e+02,2.115914373999999896e+02,2.115914373999999896e+02,2.115914373999999896e+02
5.300000000000000000e+01,2.135221492999999953e+02,2.135221492999999953e+02,2.135221492999999953e+02,2.135221492999999953e+02
5.400000000000000000e+01,2.186432157000000132e+02,2.186432157000000132e+02,2.186432157000000132e+02,2.186432157000000132e+02
5.500000000000000000e+01,2.148264219000000139e+02,2.148264219000000139e+02,2.148264219000000139e+02,2.148264219000000139e+02
5.600000000000000000e+01,2.137216996999999878e+02,2.137216996999999878e+02,2.137216996999999878e+02,2.137216996999999878e+02
5.700000000000000000e+01,1.788143500000000330e+01,1.788143500000000330e+01,1.788143500000000330e+01,1.788143500000000330e+01
5.800000000000000000e+01,1.282503700999999978e+02,1.282503700999999978e+02,1.282503700999999978e+02,1.282503700999999978e+02
5.900000000000000000e+01,2.098833830000000091e+02,2.098833830000000091e+02,2.098833830000000091e+02,2.098833830000000091e+02
6.000000000000000000e+01,2.037350180999999907e+02,2.037350180999999907e+02,2.037350180999999907e+02,2.037350180999999907e+02
6.100000000000000000e+01,1.989100454000000013e+02,1.989100454000000013e+02,1.989100454000000013e+02,1.989100454000000013e+02
6.200000000000000000e+01,2.014527559999999937e+02,2.014527559999999937e+02,2.014527559999999937e+02,2.014527559999999937e+02
6.300000000000000000e+01,1.987367278000000113e+02,1.987367278000000113e+02,1.987367278000000113e+02,1.987367278000000113e+02
6.400000000000000000e+01,2.034363984999999957e+02,2.034363984999999957e+02,2.034363984999999957e+02,2.034363984999999957e+02
6.500000000000000000e+01,2.049004678999999669e+02,2.049004678999999669e+02,2.049004678999999669e+02,2.049004678999999669e+02
6.600000000000000000e+01,2.056137536000000239e+02,2.056137536000000239e+02,2.056137536000000239e+02,2.056137536000000239e+02
6.700000000000000000e+01,2.074453376999999819e+02,2.074453376999999819e+02,2.074453376999999819e+02,2.074453376999999819e+02
6.800000000000000000e+01,2.081569413999999938e+02,2.081569413999999938e+02,2.081569413999999938e+02,2.081569413999999938e+02
6.900000000000000000e+01,2.085510181000000216e+02,2.085510181000000216e+02,2.085510181000000216e+02,2.085510181000000216e+02
7.000000000000000000e+01,2.106244356000000266e+02,2.106244356000000266e+02,2.106244356000000266e+02,2.106244356000000266e+02
7.100000000000000000e+01,2.106778466999999750e+02,2.106778466999999750e+02,2.106778466999999750e+02,2.106778466999999750e+02
7.200000000000000000e+01,2.102810919000000069e+02,2.102810919000000069e+02,2.102810919000000069e+02,2.102810919000000069e+02
7.300000000000000000e+01,2.105343287999999973e+02,2.105343287999999973e+02,2.105343287999999973e+02,2.105343287999999973e+02
7.400000000000000000e+01,2.101610790999999949e+02,2.101610790999999949e+02,2.101610790999999949e+02,2.101610790999999949e+02
7.500000000000000000e+01,2.086954500000000223e+02,2.086954500000000223e+02,2.086954500000000223e+02,2.086954500000000223e+02
7.600000000000000000e+01,2.082607831000000260e+02,2.082607831000000260e+02,2.082607831000000260e+02,2.082607831000000260e+02
7.700000000000000000e+01,2.098622234999999705e+02,2.098622234999999705e+02,2.098622234999999705e+02,2.098622234999999705e+02
7.800000000000000000e+01,2.112411583999999891e+02,2.112411583999999891e+02,2.112411583999999891e+02,2.112411583999999891e+02
7.900000000000000000e+01,2.115874534999999810e+02,2.115874534999999810e+02,2.115874534999999810e+02,2.115874534999999810e+02
8.000000000000000000e+01,2.115531714000000250e+02,2.115531714000000250e+02,2.115531714000000250e+02,2.115531714000000250e+02
8.100000000000000000e+01,2.135237407000000189e+02,2.135237407000000189e+02,2.135237407000000189e+02,2.135237407000000189e+02
8.200000000000000000e+01,2.119574993000000234e+02,2.119574993000000234e+02,2.119574993000000234e+02,2.119574993000000234e+02
8.300000000000000000e+01,2.112874360000000138e+02,2.112874360000000138e+02,2.112874360000000138e+02,2.112874360000000138e+02
8.400000000000000000e+01,2.105699601000000314e+02,2.105699601000000314e+02,2.105699601000000314e+02,2.105699601000000314e+02
8.500000000000000000e+01,2.110171463000000074e+02,2.110171463000000074e+02,2.110171463000000074e+02,2.110171463000000074e+02
8.600000000000000000e+01,2.147626994000000309e+02,2.147626994000000309e+02,2.147626994000000309e+02,2.147626994000000309e+02
8.700000000000000000e+01,2.192233823999999913e+02,2.192233823999999913e+02,2.192233823999999913e+02,2.192233823999999913e+02
8.800000000000000000e+01,2.668368610000000558e+02,2.668368610000000558e+02,2.668368610000000558e+02,2.668368610000000558e+02
8.900000000000000000e+01,2.721801948000000380e+02,2.721801948000000380e+02,2.721801948000000380e+02,2.721801948000000380e+02
9.000000000000000000e+01,2.970793457000000330e+02,2.970793457000000330e+02,2.970793457000000330e+02,2.970793457000000330e+02
9.100000000000000000e+01,2.988762699000000111e+02,2.988762699000000111e+02,2.988762699000000111e+02,2.988762699000000111e+02
9.200000000000000000e+01,3.152575630999999703e+02,3.152575630999999703e+02,3.152575630999999703e+02,3.152575630999999703e+02
9.300000000000000000e+01,3.247054946999999743e+02,3.247054946999999743e+02,3.247054946999999743e+02,3.247054946999999743e+02
9.400000000000000000e+01,3.299812571999999591e+02,3.299812571999999591e+02,3.299812571999999591e+02,3.299812571999999591e+02
9.500000000000000000e+01,3.367898343000000523e+02,3.367898343000000523e+02,3.367898343000000523e+02,3.367898343000000523e+02
9.600000000000000000e+01,3.113088006999999493e+02,3.113088006999999493e+02,3.113088006999999493e+02,3.113088006999999493e+02
9.700000000000000000e+01,3.296525121999999897e+02,3.296525121999999897e+02,3.296525121999999897e+02,3.296525121999999897e+02
9.800000000000000000e+01,3.419695098000000257e+02,3.419695098000000257e+02,3.419695098000000257e+02,3.419695098000000257e+02
9.900000000000000000e+01,3.373591540999999552e+02,3.373591540999999552e+02,3.373591540999999552e+02,3.373591540999999552e+02
1.000000000000000000e+02,3.389855956000000674e+02,3.389855956000000674e+02,3.389855956000000674e+02,3.389855956000000674e+02
1.010000000000000000e+02,3.460202500999999984e+02,3.460202500999999984e+02,3.460202500999999984e+02,3.460202500999999984e+02
1.020000000000000000e+02,3.689684530000000109e+02,3.689684530000000109e+02,3.689684530000000109e+02,3.689684530000000109e+02
1.030000000000000000e+02,3.765899143999999978e+02,3.765899143999999978e+02,3.765899143999999978e+02,3.765899143999999978e+02
1.040000000000000000e+02,3.635148111999999969e+02,3.635148111999999969e+02,3.635148111999999969e+02,3.635148111999999969e+02
1.050000000000000000e+02,3.754558238999999844e+02,3.754558238999999844e+02,3.754558238999999844e+02,3.754558238999999844e+02
1.060000000000000000e+02,3.799327598000000421e+02,3.799327598000000421e+02,3.799327598000000421e+02,3.799327598000000421e+02
1.070000000000000000e+02,3.934138283999999430e+02,3.934138283999999430e+02,3.934138283999999430e+02,3.934138283999999430e+02
1.080000000000000000e+02,3.978082120999999347e+02,3.978082120999999347e+02,3.978082120999999347e+02,3.978082120999999347e+02
1.090000000000000000e+02,4.015207098000000201e+02,4.015207098000000201e+02,4.015207098000000201e+02,4.015207098000000201e+02
1.100000000000000000e+02,4.179109293000000207e+02,4.179109293000000207e+02,4.179109293000000207e+02,4.179109293000000207e+02
1.110000000000000000e+02,4.181136969999999451e+02,4.181136969999999451e+02,4.181136969999999451e+02,4.181136969999999451e+02
1.120000000000000000e+02,4.676954821999999581e+02,4.676954821999999581e+02,4.676954821999999581e+02,4.676954821999999581e+02
1.130000000000000000e+02,4.871294695999999931e+02,4.871294695999999931e+02,4.871294695999999931e+02,4.871294695999999931e+02
1.140000000000000000e+02,4.688306322999999907e+02,4.688306322999999907e+02,4.688306322999999907e+02,4.688306322999999907e+02
1.150000000000000000e+02,3.158616571999999678e+02,3.158616571999999678e+02,3.158616571999999678e+02,3.158616571999999678e+02
1.160000000000000000e+02,2.948225015999999528e+02,2.948225015999999528e+02,2.948225015999999528e+02,2.948225015999999528e+02
1.170000000000000000e+02,4.674494063999999298e+02,4.674494063999999298e+02,4.674494063999999298e+02,4.674494063999999298e+02
1.180000000000000000e+02,4.665842041000000791e+02,4.665842041000000791e+02,4.665842041000000791e+02,4.665842041000000791e+02
1.190000000000000000e+02,4.775055782999999678e+02,4.775055782999999678e+02,4.775055782999999678e+02,4.775055782999999678e+02
1.200000000000000000e+02,4.805169354999999882e+02,4.805169354999999882e+02,4.805169354999999882e+02,4.805169354999999882e+02
1.210000000000000000e+02,4.825725274000000127e+02,4.825725274000000127e+02,4.825725274000000127e+02,4.825725274000000127e+02
1.220000000000000000e+02,4.794831155000000535e+02,4.794831155000000535e+02,4.794831155000000535e+02,4.794831155000000535e+02
1.230000000000000000e+02,4.751401733999999806e+02,4.751401733999999806e+02,4.751401733999999806e+02,4.751401733999999806e+02
1.240000000000000000e+02,4.989467889999999670e+02,4.989467889999999670e+02,4.989467889999999670e+02,4.989467889999999670e+02
1.250000000000000000e+02,5.313597213000000465e+02,5.313597213000000465e+02,5.313597213000000465e+02,5.313597213000000465e+02
1.260000000000000000e+02,5.317343932999999652e+02,5.317343932999999652e+02,5.317343932999999652e+02,5.317343932999999652e+02
1.270000000000000000e+02,5.454344490000000860e+02,5.454344490000000860e+02,5.454344490000000860e+02,5.454344490000000860e+02
1.280000000000000000e+02,5.679626470000000609e+02,5.679626470000000609e+02,5.679626470000000609e+02,5.679626470000000609e+02
1.290000000000000000e+02,6.088717285999999831e+02,6.088717285999999831e+02,6.088717285999999831e+02,6.088717285999999831e+02
1.300000000000000000e+02,5.837211058000000321e+02,5.837211058000000321e+02,5.837211058000000321e+02,5.837211058000000321e+02
1.310000000000000000e+02,5.975653050999999323e+02,5.975653050999999323e+02,5.975653050999999323e+02,5.975653050999999323e+02
1.320000000000000000e+02,5.917955690999999661e+02,5.917955690999999661e+02,5.917955690999999661e+02,5.917955690999999661e+02
1.330000000000000000e+02,6.015806352000000743e+02,6.015806352000000743e+02,6.015806352000000743e+02,6.015806352000000743e+02
1.340000000000000000e+02,6.094554636999999957e+02,6.094554636999999957e+02,6.094554636999999957e+02,6.094554636999999957e+02
1.350000000000000000e+02,6.345998921999999993e+02,6.345998921999999993e+02,6.345998921999999993e+02,6.345998921999999993e+02
1.360000000000000000e+02,6.267178309000000809e+02,6.267178309000000809e+02,6.267178309000000809e+02,6.267178309000000809e+02
1.370000000000000000e+02,6.218604921999999533e+02,6.218604921999999533e+02,6.218604921999999533e+02,6.218604921999999533e+02
1.380000000000000000e+02,6.322680992000000515e+02,6.322680992000000515e+02,6.322680992000000515e+02,6.322680992000000515e+02
1.390000000000000000e+02,6.642444782999999688e+02,6.642444782999999688e+02,6.642444782999999688e+02,6.642444782999999688e+02
1.400000000000000000e+02,7.235647994999999355e+02,7.235647994999999355e+02,7.235647994999999355e+02,7.235647994999999355e+02
1.410000000000000000e+02,7.416902250000000549e+02,7.416902250000000549e+02,7.416902250000000549e+02,7.416902250000000549e+02
1.420000000000000000e+02,7.918254176000000371e+02,7.918254176000000371e+02,7.918254176000000371e+02,7.918254176000000371e+02
1.430000000000000000e+02,7.605806952000000365e+02,7.605806952000000365e+02,7.605806952000000365e+02,7.605806952000000365e+02
1.440000000000000000e+02,7.601371895999999424e+02,7.601371895999999424e+02,7.601371895999999424e+02,7.601371895999999424e+02
1.450000000000000000e+02,8.038834202000000460e+02,8.038834202000000460e+02,8.038834202000000460e+02,8.038834202000000460e+02
1.460000000000000000e+02,8.969044417999999723e+02,8.969044417999999723e+02,8.969044417999999723e+02,8.969044417999999723e+02
1.470000000000000000e+02,8.646412887999998702e+02,8.646412887999998702e+02,8.646412887999998702e+02,8.646412887999998702e+02
1.480000000000000000e+02,8.796701184999999441e+02,8.796701184999999441e+02,8.796701184999999441e+02,8.796701184999999441e+02
1.490000000000000000e+02,8.265927969000000530e+02,8.265927969000000530e+02,8.265927969000000530e+02,8.265927969000000530e+02
1.500000000000000000e+02,8.531318838999999343e+02,8.531318838999999343e+02,8.531318838999999343e+02,8.531318838999999343e+02
1.510000000000000000e+02,8.710715563999999631e+02,8.710715563999999631e+02,8.710715563999999631e+02,8.710715563999999631e+02
1.520000000000000000e+02,9.026406351999997923e+02,9.026406351999997923e+02,9.026406351999997923e+02,9.026406351999997923e+02
1.530000000000000000e+02,9.417413103999999748e+02,9.417413103999999748e+02,9.417413103999999748e+02,9.417413103999999748e+02
1.540000000000000000e+02,6.382263999999998987e+02,6.382263999999998987e+02,6.382263999999998987e+02,6.382263999999998987e+02
1.550000000000000000e+02,8.584417010000000801e+02,8.584417010000000801e+02,8.584417010000000801e+02,8.584417010000000801e+02
1.560000000000000000e+02,9.294521752000000561e+02,9.294521752000000561e+02,9.294521752000000561e+02,9.294521752000000561e+02
1.570000000000000000e+02,7.078377577999999630e+02,7.078377577999999630e+02,7.078377577999999630e+02,7.078377577999999630e+02
1.580000000000000000e+02,6.048092290999999250e+02,6.048092290999999250e+02,6.048092290999999250e+02,6.048092290999999250e+02
1.590000000000000000e+02,6.295380228999999872e+02,6.295380228999999872e+02,6.295380228999999872e+02,6.295380228999999872e+02
1.600000000000000000e+02,6.227346294000001308e+02,6.227346294000001308e+02,6.227346294000001308e+02,6.227346294000001308e+02
1.610000000000000000e+02,7.210943692999999257e+02,7.210943692999999257e+02,7.210943692999999257e+02,7.210943692999999257e+02
1.620000000000000000e+02,6.198385114999999814e+02,6.198385114999999814e+02,6.198385114999999814e+02,6.198385114999999814e+02
1.630000000000000000e+02,6.138685432999999421e+02,6.138685432999999421e+02,6.138685432999999421e+02,6.138685432999999421e+02
1.640000000000000000e+02,6.023903929000000517e+02,6.023903929000000517e+02,6.023903929000000517e+02,6.023903929000000517e+02
1.650000000000000000e+02,6.136447912000000997e+02,6.136447912000000997e+02,6.136447912000000997e+02,6.136447912000000997e+02
1.660000000000000000e+02,7.340102894999999990e+02,7.340102894999999990e+02,7.340102894999999990e+02,7.340102894999999990e+02
1.670000000000000000e+02,6.215095350000000280e+02,6.215095350000000280e+02,6.215095350000000280e+02,6.215095350000000280e+02
1.680000000000000000e+02,9.171890458999999964e+02,9.171890458999999964e+02,9.171890458999999964e+02,9.171890458999999964e+02
1.690000000000000000e+02,9.217534972999999354e+02,9.217534972999999354e+02,9.217534972999999354e+02,9.217534972999999354e+02
1.700000000000000000e+02,9.292308103999999958e+02,9.292308103999999958e+02,9.292308103999999958e+02,9.292308103999999958e+02
1.710000000000000000e+02,9.361486308999999437e+02,9.361486308999999437e+02,9.361486308999999437e+02,9.361486308999999437e+02
1.720000000000000000e+02,9.326365212999999130e+02,9.326365212999999130e+02,9.326365212999999130e+02,9.326365212999999130e+02
1.730000000000000000e+02,9.636558850000001257e+02,9.636558850000001257e+02,9.636558850000001257e+02,9.636558850000001257e+02
1.740000000000000000e+02,9.753822631000000456e+02,9.753822631000000456e+02,9.753822631000000456e+02,9.753822631000000456e+02
1.750000000000000000e+02,9.728211455999999089e+02,9.728211455999999089e+02,9.728211455999999089e+02,9.728211455999999089e+02
1.760000000000000000e+02,9.681159809999999197e+02,9.681159809999999197e+02,9.681159809999999197e+02,9.681159809999999197e+02
1.770000000000000000e+02,9.809376847999999427e+02,9.809376847999999427e+02,9.809376847999999427e+02,9.809376847999999427e+02
1.780000000000000000e+02,9.437350227000000586e+02,9.437350227000000586e+02,9.437350227000000586e+02,9.437350227000000586e+02
1.790000000000000000e+02,9.304058143999998265e+02,9.304058143999998265e+02,9.304058143999998265e+02,9.304058143999998265e+02
1.800000000000000000e+02,5.875259803999999804e+02,5.875259803999999804e+02,5.875259803999999804e+02,5.875259803999999804e+02
1.810000000000000000e+02,5.906083366999999953e+02,5.906083366999999953e+02,5.906083366999999953e+02,5.906083366999999953e+02
1.820000000000000000e+02,8.558168407999999090e+02,8.558168407999999090e+02,8.558168407999999090e+02,8.558168407999999090e+02
1.830000000000000000e+02,1.355030811000000085e+03,1.355030811000000085e+03,1.355030811000000085e+03,1.355030811000000085e+03
1.840000000000000000e+02,9.683565692999998191e+02,9.683565692999998191e+02,9.683565692999998191e+02,9.683565692999998191e+02
1.850000000000000000e+02,9.958833195999999361e+02,9.958833195999999361e+02,9.958833195999999361e+02,9.958833195999999361e+02
1.860000000000000000e+02,1.029534956800000145e+03,1.029534956800000145e+03,1.029534956800000145e+03,1.029534956800000145e+03
1.870000000000000000e+02,1.150354748799999925e+03,1.150354748799999925e+03,1.150354748799999925e+03,1.150354748799999925e+03
1.880000000000000000e+02,9.896706010000000333e+02,9.896706010000000333e+02,9.896706010000000333e+02,9.896706010000000333e+02
1.890000000000000000e+02,1.580112339799999972e+03,1.580112339799999972e+03,1.580112339799999972e+03,1.580112339799999972e+03
1.900000000000000000e+02,9.830228233000000273e+02,9.830228233000000273e+02,9.830228233000000273e+02,9.830228233000000273e+02
1.910000000000000000e+02,1.006543269600000031e+03,1.006543269600000031e+03,1.006543269600000031e+03,1.006543269600000031e+03
1.920000000000000000e+02,1.022567004499999939e+03,1.022567004499999939e+03,1.022567004499999939e+03,1.022567004499999939e+03
1.930000000000000000e+02,1.096530666200000041e+03,1.096530666200000041e+03,1.096530666200000041e+03,1.096530666200000041e+03
1.940000000000000000e+02,1.096793270700000221e+03,1.096793270700000221e+03,1.096793270700000221e+03,1.096793270700000221e+03
1.950000000000000000e+02,1.143736896300000126e+03,1.143736896300000126e+03,1.143736896300000126e+03,1.143736896300000126e+03
1.960000000000000000e+02,1.027118508899999824e+03,1.027118508899999824e+03,1.027118508899999824e+03,1.027118508899999824e+03
1.970000000000000000e+02,1.220028664500000104e+03,1.220028664500000104e+03,1.220028664500000104e+03,1.220028664500000104e+03
1.980000000000000000e+02,1.101976391500000091e+03,1.101976391500000091e+03,1.101976391500000091e+03,1.101976391500000091e+03
1.990000000000000000e+02,1.069300701899999922e+03,1.069300701899999922e+03,1.069300701899999922e+03,1.069300701899999922e+03
2.000000000000000000e+02,1.306017722100000128e+03,1.306017722100000128e+03,1.306017722100000128e+03,1.306017722100000128e+03
2.010000000000000000e+02,2.172166206300000340e+03,2.172166206300000340e+03,2.172166206300000340e+03,2.172166206300000340e+03
2.020000000000000000e+02,1.769819617699999753e+03,1.769819617699999753e+03,1.769819617699999753e+03,1.769819617699999753e+03
2.030000000000000000e+02,2.785755889500000194e+03,2.785755889500000194e+03,2.785755889500000194e+03,2.785755889500000194e+03
2.040000000000000000e+02,1.487685826499999848e+03,1.487685826499999848e+03,1.487685826499999848e+03,1.487685826499999848e+03
2.050000000000000000e+02,2.268884571499999765e+03,2.268884571499999765e+03,2.268884571499999765e+03,2.268884571499999765e+03
2.060000000000000000e+02,2.654294567300000381e+03,2.654294567300000381e+03,2.654294567300000381e+03,2.654294567300000381e+03
2.070000000000000000e+02,2.082821764299999813e+03,2.082821764299999813e+03,2.082821764299999813e+03,2.082821764299999813e+03
2.080000000000000000e+02,1.324061493900000187e+03,1.324061493900000187e+03,1.324061493900000187e+03,1.324061493900000187e+03
2.090000000000000000e+02,1.512907553900000266e+03,1.512907553900000266e+03,1.512907553900000266e+03,1.512907553900000266e+03
2.100000000000000000e+02,1.549498567999999977e+03,1.549498567999999977e+03,1.549498567999999977e+03,1.549498567999999977e+03
2.110000000000000000e+02,2.963661045899999408e+03,2.963661045899999408e+03,2.963661045899999408e+03,2.963661045899999408e+03
2.120000000000000000e+02,2.669666365000000042e+03,2.669666365000000042e+03,2.669666365000000042e+03,2.669666365000000042e+03
2.130000000000000000e+02,2.660244956699999420e+03,2.660244956699999420e+03,2.660244956699999420e+03,2.660244956699999420e+03
2.140000000000000000e+02,2.316193534400000317e+03,2.316193534400000317e+03,2.316193534400000317e+03,2.316193534400000317e+03
2.150000000000000000e+02,2.149327162199999748e+03,2.149327162199999748e+03,2.149327162199999748e+03,2.149327162199999748e+03
2.160000000000000000e+02,2.114440844499999912e+03,2.114440844499999912e+03,2.114440844499999912e+03,2.114440844499999912e+03
2.170000000000000000e+02,1.391474852399999918e+03,1.391474852399999918e+03,1.391474852399999918e+03,1.391474852399999918e+03
2.180000000000000000e+02,1.331951008399999864e+03,1.331951008399999864e+03,1.331951008399999864e+03,1.331951008399999864e+03
2.190000000000000000e+02,1.615777671400000145e+03,1.615777671400000145e+03,1.615777671400000145e+03,1.615777671400000145e+03
2.200000000000000000e+02,2.224574389200000041e+03,2.224574389200000041e+03,2.224574389200000041e+03,2.224574389200000041e+03
2.210000000000000000e+02,2.188495057799999813e+03,2.188495057799999813e+03,2.188495057799999813e+03,2.188495057799999813e+03
2.220000000000000000e+02,2.412564903399999366e+03,2.412564903399999366e+03,2.412564903399999366e+03,2.412564903399999366e+03
2.230000000000000000e+02,1.879250694999999951e+03,1.879250694999999951e+03,1.879250694999999951e+03,1.879250694999999951e+03
2.240000000000000000e+02,1.536177645500000153e+03,1.536177645500000153e+03,1.536177645500000153e+03,1.536177645500000153e+03
2.250000000000000000e+02,1.883523718599999938e+03,1.883523718599999938e+03,1.883523718599999938e+03,1.883523718599999938e+03
2.260000000000000000e+02,2.871763976100000036e+03,2.871763976100000036e+03,2.871763976100000036e+03,2.871763976100000036e+03
2.270000000000000000e+02,1.888096651500000007e+03,1.888096651500000007e+03,1.888096651500000007e+03,1.888096651500000007e+03
2.280000000000000000e+02,3.062687808399999994e+03,3.062687808399999994e+03,3.062687808399999994e+03,3.062687808399999994e+03
2.290000000000000000e+02,3.046656907000000501e+03,3.046656907000000501e+03,3.046656907000000501e+03,3.046656907000000501e+03
2.300000000000000000e+02,3.089432407599999806e+03,3.089432407599999806e+03,3.089432407599999806e+03,3.089432407599999806e+03
2.310000000000000000e+02,3.043644717700000001e+03,3.043644717700000001e+03,3.043644717700000001e+03,3.043644717700000001e+03
2.320000000000000000e+02,3.026073950000000423e+03,3.026073950000000423e+03,3.026073950000000423e+03,3.026073950000000423e+03
2.330000000000000000e+02,3.053327810400000089e+03,3.053327810400000089e+03,3.053327810400000089e+03,3.053327810400000089e+03
2.340000000000000000e+02,3.094629377199999908e+03,3.094629377199999908e+03,3.094629377199999908e+03,3.094629377199999908e+03
2.350000000000000000e+02,3.079907709099999920e+03,3.079907709099999920e+03,3.079907709099999920e+03,3.079907709099999920e+03
2.360000000000000000e+02,3.042454088800000136e+03,3.042454088800000136e+03,3.042454088800000136e+03,3.042454088800000136e+03
2.370000000000000000e+02,3.020171136200000092e+03,3.020171136200000092e+03,3.020171136200000092e+03,3.020171136200000092e+03
2.380000000000000000e+02,3.019276851999999963e+03,3.019276851999999963e+03,3.019276851999999963e+03,3.019276851999999963e+03
2.390000000000000000e+02,3.082462115299999823e+03,3.082462115299999823e+03,3.082462115299999823e+03,3.082462115299999823e+03
2.400000000000000000e+02,3.084819022700000005e+03,3.084819022700000005e+03,3.084819022700000005e+03,3.084819022700000005e+03
2.410000000000000000e+02,3.183348877900000389e+03,3.183348877900000389e+03,3.183348877900000389e+03,3.183348877900000389e+03
2.420000000000000000e+02,3.102437552899999901e+03,3.102437552899999901e+03,3.102437552899999901e+03,3.102437552899999901e+03
2.430000000000000000e+02,3.203313020800000231e+03,3.203313020800000231e+03,3.203313020800000231e+03,3.203313020800000231e+03
2.440000000000000000e+02,3.168833750400000099e+03,3.168833750400000099e+03,3.168833750400000099e+03,3.168833750400000099e+03
2.450000000000000000e+02,3.134249510600000121e+03,3.134249510600000121e+03,3.134249510600000121e+03,3.134249510600000121e+03
2.460000000000000000e+02,3.133674969799999872e+03,3.133674969799999872e+03,3.133674969799999872e+03,3.133674969799999872e+03
2.470000000000000000e+02,3.178259425400000055e+03,3.178259425400000055e+03,3.178259425400000055e+03,3.178259425400000055e+03
2.480000000000000000e+02,3.021456183599999804e+03,3.021456183599999804e+03,3.021456183599999804e+03,3.021456183599999804e+03
2.490000000000000000e+02,3.198373999600000388e+03,3.198373999600000388e+03,3.198373999600000388e+03,3.198373999600000388e+03
2.500000000000000000e+02,2.851987779000000046e+03,2.851987779000000046e+03,2.851987779000000046e+03,2.851987779000000046e+03
2.510000000000000000e+02,3.136184881700000005e+03,3.136184881700000005e+03,3.136184881700000005e+03,3.136184881700000005e+03
2.520000000000000000e+02,3.277165877700000237e+03,3.277165877700000237e+03,3.277165877700000237e+03,3.277165877700000237e+03
2.530000000000000000e+02,3.238624124199999642e+03,3.238624124199999642e+03,3.238624124199999642e+03,3.238624124199999642e+03
2.540000000000000000e+02,3.226399334200000339e+03,3.226399334200000339e+03,3.226399334200000339e+03,3.226399334200000339e+03
2.550000000000000000e+02,3.280933900900000481e+03,3.280933900900000481e+03,3.280933900900000481e+03,3.280933900900000481e+03
2.560000000000000000e+02,3.297742392099999961e+03,3.297742392099999961e+03,3.297742392099999961e+03,3.297742392099999961e+03
2.570000000000000000e+02,3.328409807300000011e+03,3.328409807300000011e+03,3.328409807300000011e+03,3.328409807300000011e+03
2.580000000000000000e+02,3.355094077899999775e+03,3.355094077899999775e+03,3.355094077899999775e+03,3.355094077899999775e+03
2.590000000000000000e+02,3.367751450799999930e+03,3.367751450799999930e+03,3.367751450799999930e+03,3.367751450799999930e+03
2.600000000000000000e+02,3.224271910500000104e+03,3.224271910500000104e+03,3.224271910500000104e+03,3.224271910500000104e+03
2.610000000000000000e+02,3.362661640199999965e+03,3.362661640199999965e+03,3.362661640199999965e+03,3.362661640199999965e+03
2.620000000000000000e+02,3.375574303599999894e+03,3.375574303599999894e+03,3.375574303599999894e+03,3.375574303599999894e+03
2.630000000000000000e+02,3.363041549399999894e+03,3.363041549399999894e+03,3.363041549399999894e+03,3.363041549399999894e+03
2.640000000000000000e+02,3.364854513100000077e+03,3.364854513100000077e+03,3.364854513100000077e+03,3.364854513100000077e+03
2.650000000000000000e+02,3.380818104299999504e+03,3.380818104299999504e+03,3.380818104299999504e+03,3.380818104299999504e+03
2.660000000000000000e+02,1.109778101899999911e+03,1.109778101899999911e+03,1.109778101899999911e+03,1.109778101899999911e+03
2.670000000000000000e+02,1.099453960000000052e+03,1.099453960000000052e+03,1.099453960000000052e+03,1.099453960000000052e+03
2.680000000000000000e+02,2.238481797200000074e+03,2.238481797200000074e+03,2.238481797200000074e+03,2.238481797200000074e+03
2.690000000000000000e+02,2.266549395500000173e+03,2.266549395500000173e+03,2.266549395500000173e+03,2.266549395500000173e+03
2.700000000000000000e+02,2.921755788200000097e+03,2.921755788200000097e+03,2.921755788200000097e+03,2.921755788200000097e+03
2.710000000000000000e+02,3.338534145700000408e+03,3.338534145700000408e+03,3.338534145700000408e+03,3.338534145700000408e+03
2.720000000000000000e+02,3.249312715500000195e+03,3.249312715500000195e+03,3.249312715500000195e+03,3.249312715500000195e+03
2.730000000000000000e+02,3.384992554199999631e+03,3.384992554199999631e+03,3.384992554199999631e+03,3.384992554199999631e+03
2.740000000000000000e+02,3.408301257900000110e+03,3.408301257900000110e+03,3.408301257900000110e+03,3.408301257900000110e+03
2.750000000000000000e+02,3.428268376500000159e+03,3.428268376500000159e+03,3.428268376500000159e+03,3.428268376500000159e+03
2.760000000000000000e+02,3.435657082300000184e+03,3.435657082300000184e+03,3.435657082300000184e+03,3.435657082300000184e+03
2.770000000000000000e+02,3.354832217300000138e+03,3.354832217300000138e+03,3.354832217300000138e+03,3.354832217300000138e+03
2.780000000000000000e+02,3.087056689099999858e+03,3.087056689099999858e+03,3.087056689099999858e+03,3.087056689099999858e+03
2.790000000000000000e+02,3.328100563299999976e+03,3.328100563299999976e+03,3.328100563299999976e+03,3.328100563299999976e+03
2.800000000000000000e+02,3.405422550199999932e+03,3.405422550199999932e+03,3.405422550199999932e+03,3.405422550199999932e+03
2.810000000000000000e+02,3.320387077999999747e+03,3.320387077999999747e+03,3.320387077999999747e+03,3.320387077999999747e+03
2.820000000000000000e+02,3.309608090900000207e+03,3.309608090900000207e+03,3.309608090900000207e+03,3.309608090900000207e+03
2.830000000000000000e+02,3.317871085300000232e+03,3.317871085300000232e+03,3.317871085300000232e+03,3.317871085300000232e+03
2.840000000000000000e+02,3.300625094199999694e+03,3.300625094199999694e+03,3.300625094199999694e+03,3.300625094199999694e+03
2.850000000000000000e+02,3.165784927100000459e+03,3.165784927100000459e+03,3.165784927100000459e+03,3.165784927100000459e+03
2.860000000000000000e+02,2.956975170200000321e+03,2.956975170200000321e+03,2.956975170200000321e+03,2.956975170200000321e+03
2.870000000000000000e+02,3.046122984900000120e+03,3.046122984900000120e+03,3.046122984900000120e+03,3.046122984900000120e+03
2.880000000000000000e+02,3.340025319800000034e+03,3.340025319800000034e+03,3.340025319800000034e+03,3.340025319800000034e+03
2.890000000000000000e+02,3.131026515399999880e+03,3.131026515399999880e+03,3.131026515399999880e+03,3.131026515399999880e+03
2.900000000000000000e+02,3.104168418600000223e+03,3.104168418600000223e+03,3.104168418600000223e+03,3.104168418600000223e+03
2.910000000000000000e+02,3.149409769099999721e+03,3.149409769099999721e+03,3.149409769099999721e+03,3.149409769099999721e+03
2.920000000000000000e+02,2.777101208500000212e+03,2.777101208500000212e+03,2.777101208500000212e+03,2.777101208500000212e+03
2.930000000000000000e+02,2.389758900899999389e+03,2.389758900899999389e+03,2.389758900899999389e+03,2.389758900899999389e+03
2.940000000000000000e+02,3.174677696700000070e+03,3.174677696700000070e+03,3.174677696700000070e+03,3.174677696700000070e+03
2.950000000000000000e+02,3.198252432000000226e+03,3.198252432000000226e+03,3.198252432000000226e+03,3.198252432000000226e+03
2.960000000000000000e+02,2.887632902499999545e+03,2.887632902499999545e+03,2.887632902499999545e+03,2.887632902499999545e+03
2.970000000000000000e+02,3.143379553899999792e+03,3.143379553899999792e+03,3.143379553899999792e+03,3.143379553899999792e+03
2.980000000000000000e+02,3.464601206100000127e+03,3.464601206100000127e+03,3.464601206100000127e+03,3.464601206100000127e+03
2.990000000000000000e+02,3.247826084999999694e+03,3.247826084999999694e+03,3.247826084999999694e+03,3.247826084999999694e+03
3.000000000000000000e+02,1.862245690700000068e+03,1.862245690700000068e+03,1.862245690700000068e+03,1.862245690700000068e+03
3.010000000000000000e+02,1.853742763899999773e+03,1.853742763899999773e+03,1.853742763899999773e+03,1.853742763899999773e+03
3.020000000000000000e+02,1.780817557800000259e+03,1.780817557800000259e+03,1.780817557800000259e+03,1.780817557800000259e+03
3.030000000000000000e+02,2.221289234800000031e+03,2.221289234800000031e+03,2.221289234800000031e+03,2.221289234800000031e+03
3.040000000000000000e+02,2.179201199799999813e+03,2.179201199799999813e+03,2.179201199799999813e+03,2.179201199799999813e+03
3.050000000000000000e+02,1.883410939000000099e+03,1.883410939000000099e+03,1.883410939000000099e+03,1.883410939000000099e+03
3.060000000000000000e+02,1.990088449000000082e+03,1.990088449000000082e+03,1.990088449000000082e+03,1.990088449000000082e+03
3.070000000000000000e+02,2.632233524899999793e+03,2.632233524899999793e+03,2.632233524899999793e+03,2.632233524899999793e+03
3.080000000000000000e+02,3.174617792099999861e+03,3.174617792099999861e+03,3.174617792099999861e+03,3.174617792099999861e+03
3.090000000000000000e+02,3.402519597599999543e+03,3.402519597599999543e+03,3.402519597599999543e+03,3.402519597599999543e+03
3.100000000000000000e+02,3.334679974399999537e+03,3.334679974399999537e+03,3.334679974399999537e+03,3.334679974399999537e+03
3.110000000000000000e+02,3.420201393300000291e+03,3.420201393300000291e+03,3.420201393300000291e+03,3.420201393300000291e+03
3.120000000000000000e+02,3.263438403299999663e+03,3.263438403299999663e+03,3.263438403299999663e+03,3.263438403299999663e+03
3.130000000000000000e+02,3.383164021199999752e+03,3.383164021199999752e+03,3.383164021199999752e+03,3.383164021199999752e+03
3.140000000000000000e+02,3.379742557200000192e+03,3.379742557200000192e+03,3.379742557200000192e+03,3.379742557200000192e+03
3.150000000000000000e+02,2.875583932400000322e+03,2.875583932400000322e+03,2.875583932400000322e+03,2.875583932400000322e+03
3.160000000000000000e+02,3.478594507199999498e+03,3.478594507199999498e+03,3.478594507199999498e+03,3.478594507199999498e+03
3.170000000000000000e+02,3.410272357799999554e+03,3.410272357799999554e+03,3.410272357799999554e+03,3.410272357799999554e+03
3.180000000000000000e+02,3.507604302400000051e+03,3.507604302400000051e+03,3.507604302400000051e+03,3.507604302400000051e+03
3.190000000000000000e+02,3.354025015100000019e+03,3.354025015100000019e+03,3.354025015100000019e+03,3.354025015100000019e+03
3.200000000000000000e+02,3.454777561699999751e+03,3.454777561699999751e+03,3.454777561699999751e+03,3.454777561699999751e+03
3.210000000000000000e+02,3.462429496199999903e+03,3.462429496199999903e+03,3.462429496199999903e+03,3.462429496199999903e+03
3.220000000000000000e+02,3.463768015999999534e+03,3.463768015999999534e+03,3.463768015999999534e+03,3.463768015999999534e+03
3.230000000000000000e+02,3.376036116000000220e+03,3.376036116000000220e+03,3.376036116000000220e+03,3.376036116000000220e+03
3.240000000000000000e+02,3.320043720500000290e+03,3.320043720500000290e+03,3.320043720500000290e+03,3.320043720500000290e+03
3.250000000000000000e+02,3.332797499200000402e+03,3.332797499200000402e+03,3.332797499200000402e+03,3.332797499200000402e+03
3.260000000000000000e+02,3.129474780999999894e+03,3.129474780999999894e+03,3.129474780999999894e+03,3.129474780999999894e+03
3.270000000000000000e+02,3.325034447600000021e+03,3.325034447600000021e+03,3.325034447600000021e+03,3.325034447600000021e+03
3.280000000000000000e+02,3.299837575000000015e+03,3.299837575000000015e+03,3.299837575000000015e+03,3.299837575000000015e+03
3.290000000000000000e+02,3.387803215400000227e+03,3.387803215400000227e+03,3.387803215400000227e+03,3.387803215400000227e+03
3.300000000000000000e+02,3.330241257500000302e+03,3.330241257500000302e+03,3.330241257500000302e+03,3.330241257500000302e+03
3.310000000000000000e+02,3.292344010700000126e+03,3.292344010700000126e+03,3.292344010700000126e+03,3.292344010700000126e+03
3.320000000000000000e+02,3.309550230099999226e+03,3.309550230099999226e+03,3.309550230099999226e+03,3.309550230099999226e+03
3.330000000000000000e+02,3.341633205899999211e+03,3.341633205899999211e+03,3.341633205899999211e+03,3.341633205899999211e+03
3.340000000000000000e+02,3.355062757200000306e+03,3.355062757200000306e+03,3.355062757200000306e+03,3.355062757200000306e+03
3.350000000000000000e+02,3.359705288000000110e+03,3.359705288000000110e+03,3.359705288000000110e+03,3.359705288000000110e+03
3.360000000000000000e+02,3.490074715700000525e+03,3.490074715700000525e+03,3.490074715700000525e+03,3.490074715700000525e+03
3.370000000000000000e+02,3.484055022300000019e+03,3.484055022300000019e+03,3.484055022300000019e+03,3.484055022300000019e+03
3.380000000000000000e+02,3.411892791600000237e+03,3.411892791600000237e+03,3.411892791600000237e+03,3.411892791600000237e+03
3.390000000000000000e+02,3.347570292300000347e+03,3.347570292300000347e+03,3.347570292300000347e+03,3.347570292300000347e+03
3.400000000000000000e+02,3.442889580300000034e+03,3.442889580300000034e+03,3.442889580300000034e+03,3.442889580300000034e+03
3.410000000000000000e+02,3.311421598800000538e+03,3.311421598800000538e+03,3.311421598800000538e+03,3.311421598800000538e+03
3.420000000000000000e+02,3.320459672699999828e+03,3.320459672699999828e+03,3.320459672699999828e+03,3.320459672699999828e+03
3.430000000000000000e+02,3.464202655899999627e+03,3.464202655899999627e+03,3.464202655899999627e+03,3.464202655899999627e+03
3.440000000000000000e+02,3.392701390299999730e+03,3.392701390299999730e+03,3.392701390299999730e+03,3.392701390299999730e+03
3.450000000000000000e+02,3.281262998499999867e+03,3.281262998499999867e+03,3.281262998499999867e+03,3.281262998499999867e+03
3.460000000000000000e+02,3.243454854999999952e+03,3.243454854999999952e+03,3.243454854999999952e+03,3.243454854999999952e+03
3.470000000000000000e+02,3.253846290599999975e+03,3.253846290599999975e+03,3.253846290599999975e+03,3.253846290599999975e+03
3.480000000000000000e+02,3.295479830700000548e+03,3.295479830700000548e+03,3.295479830700000548e+03,3.295479830700000548e+03
3.490000000000000000e+02,3.228994359799999984e+03,3.228994359799999984e+03,3.228994359799999984e+03,3.228994359799999984e+03
3.500000000000000000e+02,3.320302079999999933e+03,3.320302079999999933e+03,3.320302079999999933e+03,3.320302079999999933e+03
3.510000000000000000e+02,3.282007404099999803e+03,3.282007404099999803e+03,3.282007404099999803e+03,3.282007404099999803e+03
3.520000000000000000e+02,3.336444240199999967e+03,3.336444240199999967e+03,3.336444240199999967e+03,3.336444240199999967e+03
3.530000000000000000e+02,2.399163398799999868e+03,2.399163398799999868e+03,2.399163398799999868e+03,2.399163398799999868e+03
3.540000000000000000e+02,2.412230733200000486e+03,2.412230733200000486e+03,2.412230733200000486e+03,2.412230733200000486e+03
3.550000000000000000e+02,2.143918927000000167e+03,2.143918927000000167e+03,2.143918927000000167e+03,2.143918927000000167e+03
3.560000000000000000e+02,2.836687724800000069e+03,2.836687724800000069e+03,2.836687724800000069e+03,2.836687724800000069e+03
3.570000000000000000e+02,3.102204952699999922e+03,3.102204952699999922e+03,3.102204952699999922e+03,3.102204952699999922e+03
3.580000000000000000e+02,3.326964260199999899e+03,3.326964260199999899e+03,3.326964260199999899e+03,3.326964260199999899e+03
3.590000000000000000e+02,3.365622903399999814e+03,3.365622903399999814e+03,3.365622903399999814e+03,3.365622903399999814e+03
3.600000000000000000e+02,3.375913972600000307e+03,3.375913972600000307e+03,3.375913972600000307e+03,3.375913972600000307e+03
3.610000000000000000e+02,3.298465853000000152e+03,3.298465853000000152e+03,3.298465853000000152e+03,3.298465853000000152e+03
3.620000000000000000e+02,3.213409692400000040e+03,3.213409692400000040e+03,3.213409692400000040e+03,3.213409692400000040e+03
3.630000000000000000e+02,3.251138856699999906e+03,3.251138856699999906e+03,3.251138856699999906e+03,3.251138856699999906e+03
3.640000000000000000e+02,3.226280833800000437e+03,3.226280833800000437e+03,3.226280833800000437e+03,3.226280833800000437e+03
3.650000000000000000e+02,3.183173426599999857e+03,3.183173426599999857e+03,3.183173426599999857e+03,3.183173426599999857e+03
3.660000000000000000e+02,3.290555540800000017e+03,3.290555540800000017e+03,3.290555540800000017e+03,3.290555540800000017e+03
3.670000000000000000e+02,3.278017326700000012e+03,3.278017326700000012e+03,3.278017326700000012e+03,3.278017326700000012e+03
3.680000000000000000e+02,3.335757587700000386e+03,3.335757587700000386e+03,3.335757587700000386e+03,3.335757587700000386e+03
3.690000000000000000e+02,3.229807287200000246e+03,3.229807287200000246e+03,3.229807287200000246e+03,3.229807287200000246e+03
3.700000000000000000e+02,3.142333570199999940e+03,3.142333570199999940e+03,3.142333570199999940e+03,3.142333570199999940e+03
3.710000000000000000e+02,3.177332911899999999e+03,3.177332911899999999e+03,3.177332911899999999e+03,3.177332911899999999e+03
3.720000000000000000e+02,3.218462826800000130e+03,3.218462826800000130e+03,3.218462826800000130e+03,3.218462826800000130e+03
3.730000000000000000e+02,3.262284497600000122e+03,3.262284497600000122e+03,3.262284497600000122e+03,3.262284497600000122e+03
3.740000000000000000e+02,3.329137576399999489e+03,3.329137576399999489e+03,3.329137576399999489e+03,3.329137576399999489e+03
3.750000000000000000e+02,3.450488678799999434e+03,3.450488678799999434e+03,3.450488678799999434e+03,3.450488678799999434e+03
